0 | 5.884727891156462
1 | 5.682298624754414
3 | 5.686019184652284
5 | 5.589685314685307
6 | 5.558076923076924
7 | 5.623555555555556
8 | 5.6436559139784945
9 | 5.531688102893892
10 | 5.367346491228068
11 | 5.623524229074893
12 | 5.514203323558167
13 | 5.4137142857142875
14 | 5.6300829875518605
15 | 5.675786802030462
16 | 5.977781299524564
17 | 5.663159280386124
18 | 5.673410507569015
20 | 5.609209621993118
22 | 6.001097046413501
24 | 5.6376630434782635
26 | 5.454519230769231
28 | 5.721257575757575
30 | 5.545238095238091
31 | 5.911222222222223
33 | 5.5500845410628035
34 | 5.727325349301403
36 | 5.646715246636771
37 | 5.793583138173306
39 | 5.694285714285713
40 | 5.584138248847925
41 | 5.484488188976376
42 | 5.793762057877815
43 | 5.567500000000002
44 | 5.6295686619718275
46 | 5.602873176206511
48 | 5.379108433734938
49 | 5.551745856353594
51 | 5.781960297766744
52 | 5.99034782608696
53 | 5.626886543535621
54 | 5.61183076923077
55 | 5.618513513513516
56 | 5.58216684723727
58 | 5.553345029239769
60 | 5.7912844036697235
61 | 5.769739130434782
62 | 5.461428571428575
63 | 5.383933649289101
64 | 5.566834804539717
65 | 6.03761565836299
66 | 5.486504610226318
68 | 5.514428571428566
69 | 5.482521367521367
70 | 5.72604651162791
72 | 5.615313243457578
73 | 5.6036936936936925
74 | 5.7583943881527615
75 | 5.69105734767025
76 | 5.615422360248442
77 | 5.620127906976744
78 | 5.667649253731334
79 | 5.679407496977021
81 | 5.629444697314518
82 | 5.646363115693007
83 | 5.6473279524214135
84 | 5.661678502259511
85 | 5.716115779645196
86 | 5.697690288713911
87 | 5.632719729563618
88 | 5.598741818181817
89 | 5.477669039145907
90 | 5.620914194065759
91 | 5.6208933933934
92 | 5.711111111111108
94 | 5.585945129624972
95 | 5.693706070287548
96 | 5.601876531112204
97 | 5.7440740740740726
98 | 5.6282478632478545
99 | 5.529369183040331
100 | 5.608603603603603
101 | 5.522484848484849
102 | 5.573145820238851
103 | 5.591887372013649
104 | 5.468169014084508
105 | 5.515980484734019
106 | 5.464353629976584
107 | 5.716004415011033
108 | 5.549083155650318
109 | 5.592528276779774
110 | 5.667796610169494
111 | 5.517440526762959
112 | 5.5438764044943865
113 | 5.550140873415173
114 | 5.560046798029561
115 | 5.571667732992102
116 | 5.589672364672365
117 | 5.616339958875942
118 | 5.617723281864969
119 | 5.540951128643441
120 | 5.567153674832963
121 | 5.48803921568627
122 | 5.540947368421053
123 | 5.580144046815222
125 | 5.5227919176219284
126 | 5.53731750219877
129 | 5.6218569157392775
130 | 5.551121951219511
131 | 5.556216908625103
132 | 5.491876355748384
133 | 5.508918296892973
134 | 5.530480461242796
135 | 5.4633367983367975
137 | 5.489259855189058
138 | 5.633548185231548
139 | 5.742169117647063
140 | 5.564204860043049
142 | 5.585467980295567
144 | 5.651540880503147
145 | 5.607966242390703
146 | 5.601088646967341
148 | 5.644591229020023
149 | 5.602605898964533
150 | 5.573368700265255
151 | 5.569812834224602
152 | 5.438032056990211
153 | 5.684687499999998
154 | 5.586741573033707
155 | 5.506979982593557
156 | 5.668382352941178
157 | 5.660154440154442
158 | 5.550502793296093
159 | 5.542140520551847
160 | 5.353256880733949
161 | 5.394315937940762
162 | 5.510423155576524
163 | 5.653148936170218
164 | 5.953165829145727
165 | 5.599783393501808
166 | 5.730425531914893
167 | 5.459235294117643
168 | 5.557761194029855
169 | 5.558224299065416
170 | 5.569440152145493
171 | 5.302254826254824
172 | 5.621559633027514
173 | 5.818056872037914
174 | 5.6445802047781575
175 | 5.631666666666665
176 | 5.838500000000004
177 | 5.5663075722092135
178 | 5.595807036634022
179 | 5.608647540983608
180 | 5.607313829787238
181 | 5.419096774193547
182 | 5.56729592830703
185 | 5.746154562383606
186 | 5.636806114239743
187 | 5.586734693877551
188 | 5.711756756756759
189 | 5.567899543378998
190 | 5.671585160202362
191 | 5.547675276752768
192 | 5.5329702970297046
194 | 5.564730864197519
195 | 5.616925601750535
196 | 5.56269195820081
197 | 5.449140474663249
198 | 5.404349775784753
199 | 5.342620481927708
200 | 5.562160163223669
201 | 5.671895161290329
202 | 5.540024330900243
203 | 5.454381107491861
204 | 5.448307567127742
205 | 5.507961288275425
206 | 5.440501089324623
208 | 5.473205997124662
209 | 5.387422721008068
210 | 5.464342984409796
212 | 5.462283333333338
213 | 5.511807050092761
214 | 5.457673568818509
218 | 5.481256664127954
220 | 5.5425414364640995
221 | 5.552354166666671
222 | 5.666095238095239
223 | 5.506402640264028
224 | 5.607009345794394
225 | 5.559198489299205
226 | 5.558302047781563
227 | 5.403719298245616
228 | 5.7806015037593985
229 | 5.415473684210528
231 | 5.534334203655354
232 | 5.547212389380526
235 | 5.611611111111106
236 | 5.6148333333333325
239 | 5.5978738738738745
240 | 5.490156862745092
241 | 5.57616935483871
242 | 5.552070052539399
243 | 5.442905225863594
244 | 5.513470483005364
245 | 5.390520344287952
246 | 5.4603921568627385
248 | 5.342084432717676
249 | 5.510973084886131
250 | 5.517262510602202
254 | 5.461003460207611
255 | 5.411805555555555
256 | 5.53847138554217
257 | 5.494071082390953
258 | 5.564464562855671
259 | 5.644276169265031
260 | 5.690689655172416
261 | 5.455683229813661
262 | 5.811774193548388
264 | 5.756009280742462
265 | 5.766796116504852
266 | 5.705651162790696
267 | 5.523874501992022
268 | 5.733925353925352
269 | 5.484589665653495
270 | 5.6226838448175975
272 | 5.29809523809524
273 | 5.650341463414634
274 | 5.516151419558358
275 | 5.651255850234006
277 | 5.637075471698118
278 | 5.6501313320825535
279 | 5.58513218098627
280 | 5.64745393634841
281 | 5.502513661202187
282 | 5.56377156299007
284 | 5.703863636363633
287 | 5.514384151593452
288 | 6.07212962962963
289 | 5.582731762917931
290 | 5.560058997050149
291 | 5.712923857868031
293 | 5.550495867768596
294 | 5.617831241283121
295 | 5.64746102449889
298 | 5.6070186335403704
299 | 5.424685421994882
300 | 5.400684624017958
301 | 5.379167165967646
302 | 5.604059384482013
303 | 5.844107142857146
305 | 5.659968553459123
306 | 5.544800796812748
307 | 5.642076788830715
308 | 5.589340659340658
309 | 5.56761720263464
311 | 5.635978915662644
313 | 5.526129032258065
314 | 5.530837314558703
316 | 5.6171631205673735
317 | 5.577863247863241
318 | 5.750205655526993
319 | 5.743703007518795
320 | 5.572056161831255
322 | 5.472832618025754
326 | 5.554403306354405
329 | 5.562831295843519
332 | 5.591992321681147
333 | 5.6742916957431975
334 | 5.998601398601397
336 | 5.615782939527445
337 | 5.615260172143989
338 | 5.825263157894739
341 | 5.668936170212767
342 | 5.620103982300876
343 | 5.619013472403292
345 | 5.583539062499998
346 | 5.585153344986497
347 | 5.358695454545452
348 | 5.460947368421054
349 | 5.711807526218384
353 | 5.675472312703582
354 | 5.602058465286242
355 | 5.602440191387565
356 | 5.5610968569595975
358 | 5.562221290863373
359 | 5.538823529411764
361 | 5.636413043478262
362 | 5.678092105263156
363 | 5.454460431654677
364 | 5.454460431654677
365 | 5.602681730600805
367 | 5.491300448430496
368 | 5.514549549549547
369 | 5.558943251788984
370 | 5.643000000000001
372 | 5.64859765051395
373 | 5.354523160762943
374 | 5.461555555555555
375 | 5.5963673469387745
376 | 5.559983100971708
377 | 5.488037718904354
378 | 5.5937777777777775
379 | 5.651760563380282
380 | 5.5882563052106065
382 | 5.783159898477156
383 | 5.628335557928456
384 | 5.696919945725916
386 | 5.742068965517241
387 | 5.626726696258732
388 | 5.66628571428571
389 | 5.628261990716859
390 | 5.710727272727272
391 | 5.6428224299065395
393 | 5.673664754620776
395 | 5.4348911798396315
397 | 5.735849056603775
398 | 5.568636134876693
399 | 5.613090452261308
403 | 5.6084251968503915
407 | 5.564304661344306
408 | 5.559755832881167
409 | 5.577898550724637
410 | 5.433951612903219
411 | 5.514619799139172
412 | 5.58598225377108
415 | 5.574628114202591
419 | 5.623948129579627
421 | 5.647349896480327
422 | 5.676831460674155
423 | 5.720295857988166
424 | 5.727927927927926
425 | 5.682621861152142
426 | 5.618565737051794
428 | 5.862485380116954
429 | 5.775800970873789
430 | 5.721015037593983
432 | 5.69514040114613
433 | 5.552225705329158
434 | 5.639717858287917
436 | 5.700679481448375
437 | 5.700679481448375
440 | 5.835609302325582
443 | 5.767984496124026
445 | 5.705380434782609
446 | 5.371603773584904
447 | 5.728481751824821
452 | 5.766009615384617
453 | 5.573150895140651
454 | 6.001614583333331
455 | 5.567813953488375
456 | 5.719253731343278
457 | 5.776418604651165
459 | 5.926966824644554
460 | 5.763571428571428
461 | 5.72565420560748
463 | 5.899776119402986
464 | 5.556503178928245
465 | 5.6653857906799105
466 | 5.869577464788731
467 | 5.559607142857141
468 | 5.666124401913871
469 | 5.565998217468798
470 | 5.530955249569701
471 | 5.597211404728776
472 | 5.586813337916805
473 | 5.7123887240356055
474 | 5.639130934150073
476 | 5.582842582106446
477 | 5.846844827586214
478 | 5.611845677542259
479 | 5.795791348600509
480 | 5.989343065693429
481 | 5.589783502329421
482 | 5.727938496583149
483 | 5.623562206572768
484 | 5.711531886916504
485 | 5.622715231788079
486 | 5.853355555555553
487 | 5.859794988610473
490 | 5.615707547169812
492 | 5.547934921310077
494 | 5.243372093023256
495 | 5.532020497803806
498 | 5.470096642929786
499 | 5.540390625
504 | 5.74163606010017
505 | 5.518015655577294
506 | 5.658953168044079
507 | 5.3800180831826445
508 | 5.571248331108148
509 | 5.610629750271431
510 | 5.593163059163069
512 | 5.519817889662556
513 | 5.670590500641848
514 | 5.681712328767124
515 | 5.632884914463453
516 | 5.637679127725855
517 | 5.703384747215073
518 | 5.736170598911069
519 | 5.6612827781715085
521 | 5.768540669856458
525 | 5.5466073478760105
527 | 5.702696551724138
528 | 5.687111459968603
532 | 5.661471172962227
534 | 5.698007566204286
536 | 5.594571960297761
537 | 5.68600430416069
538 | 5.821480769230775
539 | 5.694386401326699
540 | 5.5912513721185455
545 | 5.558408710217758
548 | 5.591403148528405
550 | 5.511988246816846
553 | 5.83260273972603
555 | 5.593549562682218
559 | 5.97311004784689
560 | 5.663261117445842
562 | 5.701877934272303
563 | 5.64543795620438
570 | 5.780837988826807
571 | 5.587153628652213
575 | 5.912258392675478
578 | 5.608877551020417
579 | 5.612066508313546
581 | 5.685477792732165
582 | 5.854396467124644
583 | 5.603440441415123
585 | 5.738109527381845
586 | 5.648713862120088
587 | 5.71612196566017
588 | 5.666152411404203
589 | 5.826953424657523
590 | 5.701035911602208
591 | 5.719176276771005
592 | 5.847129629629631
593 | 5.6814506317267215
594 | 5.70642432556012
595 | 5.697607537894309
596 | 5.649563008130076
602 | 5.742218844984801
603 | 5.671596638655461
604 | 5.656937394247042
605 | 5.634466553767998
607 | 6.073604651162791
608 | 5.915537488708223
609 | 5.51034482758621
613 | 5.748935824532901
614 | 5.653615795968735
617 | 5.55096209912536
618 | 5.566967170401251
620 | 5.428090909090903
622 | 5.680803949224254
624 | 5.917078651685394
625 | 5.70031713202344
627 | 5.562930135557876
629 | 5.7571947194719435
630 | 5.545085470085474
632 | 5.6346868342565
634 | 5.515398550724636
635 | 5.727605177993529
638 | 5.8880281690140865
639 | 5.374775112443778
640 | 5.648677792041079
642 | 5.930381194409154
643 | 5.668708206686927
644 | 5.916470588235285
645 | 5.762746268656716
646 | 5.617796976241898
647 | 5.640045074050228
651 | 5.690127118644068
655 | 5.803460674157307
659 | 5.91902673796792
660 | 5.689332036316473
662 | 5.582958486600109
663 | 5.79065712771595
664 | 5.739172297297299
671 | 5.639056111352756
672 | 5.508818031885645
675 | 5.64172690763052
677 | 5.659832155477035
680 | 5.680404454865184
681 | 5.660662796323175
682 | 5.6232435897435895
684 | 5.627024162780841
685 | 5.71253086419753
686 | 5.659975624619142
687 | 5.610105580693814
689 | 5.613361938414935
690 | 5.711326623970723
691 | 5.554694124772869
694 | 5.950151515151516
695 | 5.607022961203484
696 | 5.613665287941474
702 | 5.504314540059352
703 | 5.483839928057555
704 | 5.533786453433678
705 | 5.661615615615615
706 | 5.6542249657064465
707 | 5.594387695879279
709 | 5.53125
711 | 5.674674796747966
712 | 5.702296819787982
713 | 5.6877469670710585
714 | 5.844233737596476
715 | 5.483890608875123
716 | 5.720694879832812
717 | 5.432314566577301
718 | 5.749362363919137
719 | 5.69307251908397
720 | 5.501033834586463
721 | 5.669345794392523
722 | 5.732337662337658
723 | 5.532179245283021
724 | 5.4140352697095455
725 | 5.724833333333332
726 | 5.991267123287676
727 | 5.920968586387425
728 | 5.71653021442495
729 | 5.611608084358525
730 | 5.516981645139358
731 | 5.77154089471306
733 | 5.59288682340077
734 | 5.679957627118646
735 | 5.865740181268884
736 | 5.820963503649636
737 | 5.6039013452914785
738 | 5.494233870967742
740 | 5.545173646578123
741 | 5.6092377398720705
742 | 5.6629662921348185
743 | 5.927034825870649
747 | 5.619260700389096
748 | 5.792908082408876
749 | 5.718006644518275
753 | 5.675809248554912
754 | 5.887402862985687
755 | 5.594656584751108
757 | 5.652579225352118
759 | 6.002095588235293
760 | 5.631033544877606
761 | 5.656920058852375
762 | 5.794697406340056
763 | 5.380907894736847
765 | 5.691088709677423
766 | 5.704173126614987
767 | 5.6448079385403345
768 | 5.676087689713322
769 | 5.6359297789336775
771 | 5.661834727004428
772 | 5.772998017839443
774 | 5.6684210526315715
775 | 5.736567926455565
776 | 5.533423373759646
777 | 5.586780303030304
784 | 5.584510656807305
785 | 5.623481359649115
787 | 5.616381877022653
791 | 5.660761400651453
793 | 5.659770669885335
794 | 5.4946663163426
800 | 5.784237885462548
801 | 5.68853968253968
803 | 5.682402402402404
804 | 5.964188722669733
806 | 5.582623762376229
809 | 5.746870026525194
810 | 5.756531420089059
814 | 5.761025481665635
816 | 5.607077662129706
817 | 5.5520240963855425
818 | 5.595369774919618
819 | 5.69207212713936
821 | 5.732029220779225
822 | 5.599924433249369
823 | 5.611198568872978
824 | 5.730195899772207
826 | 5.6936263157894755
827 | 5.728905444126072
830 | 6.071743119266056
831 | 5.738041166380781
832 | 5.727847633136089
833 | 5.939669079627725
834 | 5.703602199816679
835 | 5.672521408182689
837 | 5.856380441264165
838 | 5.944227212681637
839 | 5.501075268817203
840 | 5.585447605829286
841 | 5.650888157894736
842 | 5.476949494949497
843 | 5.369041297935104
844 | 5.713365825688069
845 | 5.520741758241761
846 | 5.6210993485342025
849 | 5.625725945017176
852 | 5.655059453032102
853 | 5.63127824858757
854 | 5.819170305676856
856 | 5.765350877192985
857 | 5.652006557377045
858 | 5.778635326334996
860 | 5.636666666666664
862 | 5.6713166243654785
864 | 5.6750363331470055
865 | 5.79223977695167
866 | 5.617602235951754
868 | 5.9103592814371275
869 | 5.602110160965795
870 | 5.623834196891194
872 | 5.7340543209876556
875 | 5.65713654891304
876 | 5.346989117291415
877 | 5.68826446280991
879 | 5.733098484848491
880 | 5.865109561752989
881 | 5.77993666877771
882 | 5.648224101479917
883 | 5.83456937799043
884 | 5.750912014030995
885 | 5.902647444298815
888 | 5.705480851063837
891 | 5.775121428571437
892 | 5.892243713733074
893 | 5.800968208092481
894 | 5.827960954446853
895 | 5.78810426540285
898 | 5.546985294117648
899 | 5.513990719257539
900 | 5.95502439024391
901 | 5.552758620689648
902 | 5.586679447852766
903 | 5.5013661971830965
904 | 5.75564920273349
905 | 5.239287338893101
906 | 5.475540594059412
907 | 5.159344262295081
908 | 5.586445312500002
909 | 5.801623726782497
911 | 5.71539388322521
912 | 5.538887545344623
913 | 5.51704861111111
914 | 5.739769392033544
915 | 5.903151447661472
916 | 5.902339246119736
917 | 5.689313268334034
920 | 5.246972477064214
921 | 5.621238439887412
923 | 5.399621542940318
924 | 5.526304176516939
926 | 5.615728890571751
927 | 5.23422724064926
928 | 5.699082926829263
929 | 5.568932926829269
930 | 5.782382716049379
931 | 5.764313725490197
933 | 5.602179894179898
934 | 5.774163658243082
935 | 5.692815734989657
937 | 5.774261106074339
938 | 5.66159203980099
939 | 5.788144654088042
941 | 5.567717213114749
942 | 5.430361185983823
944 | 5.579530429409954
945 | 5.6572832103320865
946 | 5.686915196357419
950 | 5.444623467600704
952 | 5.652909507445597
953 | 5.820856610800744
954 | 5.746894186806003
955 | 5.4715878378378395
956 | 5.620909090909089
957 | 5.646944917660423
958 | 5.498723150357994
959 | 5.653397155361034
960 | 5.63021791767555
961 | 5.6519944168734355
962 | 5.696282051282055
963 | 5.826839207048459
964 | 5.773263785394931
965 | 5.82365406643757
966 | 5.810047581284695
967 | 5.705085119798232
968 | 5.555377140212861
970 | 5.580750000000002
972 | 5.805082056892771
974 | 5.725489168413695
975 | 5.721213362748194
977 | 5.744015748031489
980 | 5.67347544727825
981 | 5.77996537795729
982 | 5.787672865999037
983 | 5.73038739669421
984 | 5.913485804416407
985 | 5.727723463687148
986 | 5.919559808612446
987 | 5.948293948126812
988 | 5.716424691358021
989 | 5.732360902255641
990 | 5.80376393442623
991 | 5.622869603139985
992 | 5.797242314647375
994 | 5.6370765370137965
995 | 5.51369071146245
996 | 5.701403578528826
997 | 5.743303085299463
999 | 5.594129332206248
1001 | 5.768027366020526
1002 | 5.668279873105385
1003 | 5.195236593059938
1004 | 5.388064516129032
1005 | 5.297941787941787
1006 | 6.094522003034903
1007 | 5.697756366139023
1011 | 5.63721901594444
1013 | 5.632044374009506
1014 | 5.335527065527067
1015 | 5.729746543778809
1016 | 5.607198203256601
1017 | 5.903679817905922
1020 | 5.9535629709364954
1021 | 5.941718266253862
1024 | 5.810066225165561
1025 | 5.587137931034484
1026 | 5.834073770491802
1027 | 5.72579053373616
1028 | 5.641622998544394
1031 | 5.67365488316358
1032 | 5.7157164404223275
1034 | 5.3298705501618135
1035 | 5.5640561622464935
1036 | 5.409976887519257
1038 | 5.764756446991405
1040 | 5.519848046309699
1044 | 5.707655055225148
1045 | 5.724391599752928
1046 | 5.577091017251648
1049 | 5.547741559953433
1050 | 5.57438652766639
1052 | 5.611730337078654
1053 | 5.782039573820393
1054 | 5.535206896551725
